GRU RSME List: 
(0.1, 64, 1155.8523766311914), 
(0.1, 32, 16.06913684713793), 
(0.1, 16, 16.12064124567275), 
(0.01, 64, 14.697172565770781), 
(0.01, 32, 14.688994147886444), 
(0.01, 16, 16.110265154192724), 
(0.001, 64, 14.014765419354289), X
(0.001, 32, 14.738780975216363), 
(0.001, 16, 15.282177710964659)

LSTM RSME List: 
(0.1, 64, 247.92045433167382), 
(0.1, 32, 41.28128208410633), 
(0.1, 16, 41.43473040236936), 
(0.01, 64, 15.700290213609716), 
(0.01, 32, 21.62137653788639), 
(0.01, 16, 14.924560211892992), 
(0.001, 64, 14.847771111683068), X
(0.001, 32, 19.528800993375317), 
(0.001, 16, 19.59074161498261)


#### WTF
GRU SMAPE List: 
(0.1, 64, 122710.77559022201), 
(0.1, 32, 44133.078257803696), 
(0.1, 16, 44807.889816111274), 
(0.01, 64, 45071.806617538175), 
(0.01, 32, 46531.29492771752), 
(0.01, 16, 46577.93329794981), 
(0.001, 64, 45666.497881832474), 
(0.001, 32, 46123.57389722846), 
(0.001, 16, 46626.42940313298)]

LSTM SMAPE List: 
(0.1, 64, 122710.77559022201), 
(0.1, 32, 44133.078257803696), 
(0.1, 16, 44807.889816111274), 
(0.01, 64, 45071.806617538175), 
(0.01, 32, 46531.29492771752), 
(0.01, 16, 46577.93329794981), 
(0.001, 64, 45666.497881832474), 
(0.001, 32, 46123.57389722846), 
(0.001, 16, 46626.42940313298)]